9.219999909400939941e-01
9.120000004768371582e-01
8.849999904632568359e-01
nan
9.190000295639038086e-01
9.070000052452087402e-01
9.070000052452087402e-01
9.070000052452087402e-01
9.079999923706054688e-01
9.089999794960021973e-01
9.150000214576721191e-01
9.179999828338623047e-01
9.300000071525573730e-01
9.350000023841857910e-01
9.419999718666076660e-01
9.380000233650207520e-01
nan
nan
9.819999933242797852e-01
9.779999852180480957e-01
9.869999885559082031e-01
9.959999918937683105e-01
1.008999943733215332e+00
1.018000006675720215e+00
1.031999945640563965e+00
1.049999952316284180e+00
1.062999963760375977e+00
1.072999954223632812e+00
1.095999956130981445e+00
1.115000009536743164e+00
1.134999990463256836e+00
1.154999971389770508e+00
1.179000020027160645e+00
1.208999991416931152e+00
nan
4.379999935626983643e-01
4.510000050067901611e-01
4.659999907016754150e-01
4.799999892711639404e-01
nan
4.959999918937683105e-01
5.139999985694885254e-01
5.339999794960021973e-01
5.540000200271606445e-01
5.759999752044677734e-01
6.029999852180480957e-01
6.309999823570251465e-01
6.629999876022338867e-01
6.959999799728393555e-01
7.340000271797180176e-01
7.760000228881835938e-01
8.249999880790710449e-01
8.759999871253967285e-01
nan
9.390000104904174805e-01
1.011999964714050293e+00
1.092000007629394531e+00
1.192999958992004395e+00
1.180999994277954102e+00
1.172999978065490723e+00
1.167999982833862305e+00
1.161000013351440430e+00
1.156999945640563965e+00
1.156000018119812012e+00
1.161999940872192383e+00
1.185999989509582520e+00
1.136000037193298340e+00
1.115000009536743164e+00
1.131999969482421875e+00
1.141999959945678711e+00
1.143000006675720215e+00
1.143000006675720215e+00
1.144000053405761719e+00
1.144999980926513672e+00
1.154999971389770508e+00
1.154999971389770508e+00
1.156999945640563965e+00
1.167000055313110352e+00
1.169000029563903809e+00
1.180999994277954102e+00
7.590000033378601074e-01
6.769999861717224121e-01
5.649999976158142090e-01
5.249999761581420898e-01
4.920000135898590088e-01
4.589999914169311523e-01
nan
nan
4.040000140666961670e-01
3.810000121593475342e-01
3.659999966621398926e-01
3.519999980926513672e-01
3.400000035762786865e-01
3.280000090599060059e-01
3.179999887943267822e-01
2.989999949932098389e-01
2.919999957084655762e-01
2.840000092983245850e-01
2.770000100135803223e-01
2.700000107288360596e-01
2.639999985694885254e-01
nan
nan
nan
nan
1.753000020980834961e+00
1.013000011444091797e+00
9.969999790191650391e-01
9.919999837875366211e-01
9.929999709129333496e-01
9.259999990463256836e-01
8.960000276565551758e-01
8.920000195503234863e-01
8.920000195503234863e-01
8.820000290870666504e-01
8.719999790191650391e-01
8.590000271797180176e-01
8.519999980926513672e-01
8.389999866485595703e-01
8.330000042915344238e-01
8.240000009536743164e-01
8.180000185966491699e-01
8.100000023841857910e-01
8.040000200271606445e-01
8.040000200271606445e-01
8.119999766349792480e-01
8.209999799728393555e-01
nan
7.580000162124633789e-01
7.670000195503234863e-01
7.730000019073486328e-01
7.730000019073486328e-01
7.599999904632568359e-01
nan
nan
7.820000052452087402e-01
7.699999809265136719e-01
7.699999809265136719e-01
7.699999809265136719e-01
7.710000276565551758e-01
7.710000276565551758e-01
7.730000019073486328e-01
7.760000228881835938e-01
7.779999971389770508e-01
nan
6.999999880790710449e-01
7.149999737739562988e-01
6.669999957084655762e-01
6.200000047683715820e-01
nan
nan
nan
5.059999823570251465e-01
4.810000061988830566e-01
4.609999954700469971e-01
4.410000145435333252e-01
4.090000092983245850e-01
3.939999938011169434e-01
3.810000121593475342e-01
3.689999878406524658e-01
3.580000102519989014e-01
3.479999899864196777e-01
3.379999995231628418e-01
3.289999961853027344e-01
3.210000097751617432e-01
3.129999935626983643e-01
3.059999942779541016e-01
2.989999949932098389e-01
2.930000126361846924e-01
2.870000004768371582e-01
2.820000052452087402e-01
2.759999930858612061e-01
2.709999978542327881e-01
2.669999897480010986e-01
2.619999945163726807e-01
2.590000033378601074e-01
2.549999952316284180e-01
2.479999959468841553e-01
nan
2.500000000000000000e-01
2.529999911785125732e-01
2.249999940395355225e-01
2.280000001192092896e-01
2.310000061988830566e-01
2.290000021457672119e-01
2.269999980926513672e-01
2.259999960660934448e-01
2.240000069141387939e-01
2.230000048875808716e-01
2.210000008344650269e-01
2.199999988079071045e-01
2.189999967813491821e-01
2.189999967813491821e-01
2.179999947547912598e-01
2.169999927282333374e-01
2.150000035762786865e-01
2.109999954700469971e-01
nan
nan
2.240000069141387939e-01
2.160000056028366089e-01
2.160000056028366089e-01
nan
2.169999927282333374e-01
2.169999927282333374e-01
2.179999947547912598e-01
2.189999967813491821e-01
2.199999988079071045e-01
2.210000008344650269e-01
2.220000028610229492e-01
2.240000069141387939e-01
2.249999940395355225e-01
2.269999980926513672e-01
2.290000021457672119e-01
2.310000061988830566e-01
2.339999973773956299e-01
2.360000014305114746e-01
2.389999926090240479e-01
2.419999986886978149e-01
2.450000047683715820e-01
2.489999979734420776e-01
2.520000040531158447e-01
2.569999992847442627e-01
nan
2.610000073909759521e-01
2.649999856948852539e-01
2.700000107288360596e-01
2.759999930858612061e-01
2.770000100135803223e-01
2.790000140666961670e-01
2.840000092983245850e-01
2.899999916553497314e-01
2.969999909400939941e-01
3.039999902248382568e-01
3.129999935626983643e-01
3.210000097751617432e-01
nan
3.310000002384185791e-01
3.409999907016754150e-01
3.529999852180480957e-01
3.700000047683715820e-01
3.959999978542327881e-01
nan
4.009999930858612061e-01
4.300000071525573730e-01
4.560000002384185791e-01
4.810000061988830566e-01
nan
5.080000162124633789e-01
5.389999747276306152e-01
5.730000138282775879e-01
6.159999966621398926e-01
6.639999747276306152e-01
nan
8.320000171661376953e-01
8.790000081062316895e-01
nan
9.079999923706054688e-01
9.190000295639038086e-01
